12272068542
12365021517
12897436926
13154988012
14063253628
14314445560
15128433390
15139999946
212651341095
2349061319542
254740762791
254774032814
27618946121
420776511570
447402664757
447426125164
447446391952
447450371196
447455694214
447458202780
447462130020
447462221920
447477066213
447480273767
447862617284
447862617478
447878893199
601128718511
60129383549
60148841143
60169619351
60173734154
60176969956
60189121914
60199966312
628111610186
628115394888
628117445198
628119223458
6281211100083
6281213335343
6281214402453
628121473413
6281215843547
6281216362690
6281217937143
6281217970122
6281218249683
6281218260165
6281219109709
6281219110199
6281221068059
6281221841102
6281222227032
6281224718794
6281224760546
6281225415035
6281225897899
6281227029620
6281227511013
6281228447551
6281228461846
628122882978
6281229101534
6281229228211
6281230044149
6281233374824
6281233472440
6281234228779
6281234831604
6281234932830
6281235357960
6281240148026
6281242944116
6281244648434
6281244840245
6281246763708
6281249006694
6281249121629
6281252333649
6281253840248
6281254566514
6281255505572
6281259614070
6281259710544
6281260516361
6281260749772
6281263515698
6281264378756
6281266101334
6281267905243
6281268204711
6281268387363
6281274694522
6281275325983
6281278942359
6281280118057
6281281315757
6281282116835
6281282285047
6281283743311
6281283989199
6281284495990
6281285613395
6281285914891
6281286049091
6281286166528
6281286183682
6281287533096
6281289205909
6281290997909
6281291571335
6281292455447
6281292508213
6281293332262
6281293539735
6281293667200
6281294390734
6281296648532
6281298952017
6281310689988
6281313173491
6281314408027
6281315379437
6281316433900
6281317258866
6281317867812
6281319458871
6281320948089
6281321334446
6281322004004
6281324642483
6281327226087
6281327279075
6281327441039
6281327709295
6281329149662
6281330013308
6281330387261
6281330757939
628133103029
6281331945471
6281333595204
628133399638
6281334361732
6281334898054
6281336710869
6281347382226
6281348097758
6281349614686
6281354259922
6281355711671
6281357017780
6281357143713
6281357738246
6281358636141
6281358959349
6281359008190
6281359538282
6281359565010
6281363231979
6281363489750
6281364713880
6281367939465
6281369138633
6281370101295
6281378320650
6281379603303
6281380486807
6281382809441
6281384271319
6281384679359
6281386275650
6281387078932
6281387958764
6281388373836
6281389211059
6281389756699
6281390003927
6281392362575
6281395433363
6281397876644
6281398760927
6281399902577
6281414042207
6281456181837
6281469796030
6281511430543
6281514696035
6281515038752
6281522743774
6281523624624
6281524266702
6281525776984
6281525912410
6281527441069
6281532113060
6281541144621
6281542033441
6281546906513
6281558306604
6281558614498
6281563123044
6281572108856
6281572399882
6281572887866
6281574069061
6281586252549
628158822703
628159996936
6281617431760
6281617437946
628170030595
6281776377433
6281779029564
6281779670769
6281803961744
6281805544454
6281809003345
6281818213565
6281818470820
62818279290
6281905131697
6281907711124
6281910510560
6281910729121
6281914820718
6281915341400
6281917719965
6281932232181
6281934038237
6281939034927
6281939700062
6281944557137
6281946234148
6281946649555
6281952312289
6281958308969
6281958537275
6281973612917
6281977389411
6281990013134
6281991029210
6281993710968
6281996039473
6281997284331
6281999133006
6281999691137
6281999866136
6281999945663
6282110096704
6282111563537
6282113709610
6282115345151
6282117469247
6282117675202
6282117836284
6282117928693
6282118112680
6282118317154
6282119299186
6282119334354
6282120122443
6282121243552
6282121398228
6282121674294
6282121698169
6282121731382
6282122210378
6282122320697
6282122724527
6282123868481
6282124359181
6282124400268
6282125322941
6282125388500
6282126216570
6282128175190
6282128335374
6282131082870
6282131088084
6282132036060
6282132847958
6282134342909
6282137253768
6282138111529
6282138443913
6282139712373
6282141280640
6282141321411
6282143553119
6282146727409
6282154638038
6282154846586
6282154974789
6282155386640
6282157346388
6282158941056
6282160433009
6282161959193
6282163886828
628217156553
6282175569329
6282176494550
6282178284256
6282178699267
6282181757317
6282185496335
6282188534490
6282189372782
6282194221714
6282211185885
6282211231862
6282211562739
6282214146416
6282215151410
6282215709730
6282218265853
6282218935732
6282220841166
6282221361107
6282225368889
6282226692210
6282226797002
6282228044358
6282229008748
6282229375050
6282229723507
6282230593566
6282232222770
6282232590700
6282241857082
6282245805368
6282246247657
6282251542763
6282254730892
6282257100777
6282258380813
6282259151386
6282261209845
6282264050818
6282267679922
6282276463849
6282277916584
6282279668955
6282280500549
6282281215136
6282281781118
6282284565994
6282284608240
6282284720341
6282295632603
6282295723613
6282296747245
6282296771230
6282298109049
6282298514836
6282310735842
6282311296462
6282313409866
6282313787998
6282315527304
6282315666696
6282316200051
6282317433646
6282321562739
6282322799725
6282322993398
6282323422144
6282323650136
6282323796415
6282323900210
6282324215493
6282325766288
6282325942017
6282328013583
6282328466797
6282329253119
6282331422421
6282331664567
6282331669938
6282335023213
6282336056882
6282338165821
6282338772108
6282339955020
6282340820850
6282340955299
6282343927010
6282345568085
6282349140985
6282349409912
6282349514658
6282351844319
6282371991248
6282373375522
6282374899922
6282379520727
6282391172342
6283102229967
6283110928302
6283111591718
6283114459234
6283115578347
6283115970803
6283117634078
6283117734373
6283121287556
6283123727298
6283124589796
6283124913671
6283125965385
6283129578773
6283131605149
6283136120869
6283138926915
6283139837658
6283141751466
6283142190370
6283143014733
6283143553930
6283143633679
6283144003980
6283153170199
6283156444443
6283166088023
6283166286435
6283166659242
6283167714830
6283168861957
6283171113753
6283172102428
6283178781472
6283181032221
6283181853196
6283182316805
6283182766317
6283187187570
6283188140830
6283189570273
6283190168667
6283190265637
6283191183419
6283191853153
6283192314482
6283192595789
6283193489439
6283193502787
6283196530373
6283196530375
6283198636328
6283198920627
6283805089275
6283811698253
6283821663859
6283824171800
6283825184108
6283826526075
6283829238228
6283829250405
6283830287126
6283831678849
6283832492541
6283833451427
6283834974419
6283835368080
6283841515316
6283842560683
6283842560760
6283844145099
6283845359271
6283848927512
6283849657271
6283849778821
6283850350354
6283851946251
6283852091037
6283853289396
6283853527968
628385582628
6283856113431
6283866870234
6283870570200
6283870998000
6283872439861
6283874292841
6283875081679
6283875247702
6283877745701
6283878189800
6283879858802
6283890445147
6283894160469
6283894926918
6283894951696
6283895152817
6283898524997
6285104101025
6285111306794
6285111330591
6285111334345
6285111341980
6285111555661
6285117019144
6285117063531
6285117200546
6285117273132
6285117791919
6285119351214
6285121045060
6285121586037
6285122016889
6285122906332
6285123178406
6285123302308
6285123531686
6285123531689
6285124096661
6285124589047
6285126087418
6285129002394
6285129896917
6285133025120
6285133416426
6285134018526
6285134589451
6285136285194
6285136887304
6285138077778
6285138460177
6285138470180
6285139539985
6285141521269
6285142102719
6285142362084
6285142938870
6285143102411
6285143222850
6285147094251
6285147255832
6285147773717
6285148391621
6285155023237
6285155088506
6285155149123
6285155224046
6285155227816
6285155313119
6285155331563
6285155337015
6285155463775
6285156189414
6285156255964
6285156341318
6285156344782
6285156398490
6285156442912
6285156604120
6285156648326
6285156864066
6285156989707
6285157493866
6285158089660
6285158250766
6285161727720
6285162827171
6285163632919
6285165556465
6285165911143
6285167038008
6285167648652
6285168624799
6285168672224
6285169261180
6285169617426
6285169904442
6285171073187
6285171135696
6285171198762
6285171698376
6285172290815
6285172410532
6285173061545
6285173118500
6285173228141
6285173329868
6285173487322
6285174147225
6285174421685
6285175227282
6285175394029
6285175466654
6285175469749
6285176745639
6285176772770
6285176784833
6285177112001
6285177231827
6285178079088
6285178522201
6285179535835
6285179556321
6285179690650
6285181220412
6285181720053
6285182937350
6285183002769
6285183839997
6285184914367
6285187277836
6285187279201
6285188365809
6285189218038
6285189335911
6285189948507
6285191217164
6285191645753
6285194515297
6285196119544
6285196617959
6285198548040
6285199537062
6285199711089
6285208194646
6285210398664
6285210631038
6285210789322
6285211815225
6285212666602
6285213187640
6285217149886
6285231975267
6285234754939
6285236234634
6285256592034
6285261671979
6285267704372
6285270085923
6285273683279
6285279884242
6285280614369
6285281595013
6285282400865
6285282898950
6285283075095
6285283864902
6285285516670
6285293958886
6285294830789
6285311785332
6285314271315
6285320184181
6285326766406
6285326787080
6285330216880
6285332482874
6285335541818
6285339070611
6285345902520
6285352733654
6285353101103
6285359865717
6285363302700
6285367080431
6285369622747
6285371735426
6285372277748
6285381049440
6285398461655
628551724501
6285520926395
6285546534372
6285559255485
6285601732267
6285602055072
6285602568324
6285604026383
6285606232755
6285607492894
6285608542562
6285608546866
6285608570878
6285609381357
628561944531
6285624843451
628562606785
6285640549846
6285640919273
6285641459256
6285643231827
6285646714901
6285647275010
6285648410564
6285649040321
6285654736925
6285657171549
6285664229011
6285664613603
628567919130
628568143403
62856912927084
6285692997951
6285694699522
6285695925313
6285697251172
6285700366547
6285700552198
6285700751996
6285701136330
62857012354020
6285701400746
6285701800840
6285702508170
6285703155204
6285703275372
6285704826177
6285706060697
6285706571568
6285706668351
6285707332130
6285708814390
6285709935486
6285710390803
6285710683141
6285711374598
6285713267469
6285713319981
6285713324094
6285714884441
6285715505698
6285716175771
6285716696761
6285716804073
6285717326309
6285717894953
6285718250588
6285718925846
6285719563507
6285719583537
6285721331216
6285721851400
6285722675879
6285723540943
6285723597571
6285724503650
6285724532893
6285726844787
6285727156541
6285727672901
6285728756656
6285729369929
6285733001332
6285735121692
6285738184940
6285740577399
6285742694598
6285748505586
6285752217503
6285753559710
6285754322592
6285754418212
6285754533024
6285755814980
6285757171949
6285758847093
6285759663335
6285762777587
6285763278835
6285766025257
6285766426902
6285766957505
6285770304307
6285771199265
6285771476682
6285771920102
6285772167931
6285772453844
6285772728466
6285773196405
6285773607562
6285774036360
6285774101923
6285774356742
6285778029999
6285778754922
6285778932619
6285779462118
6285781081322
6285782716094
6285783594587
6285784230722
6285784386395
6285786343723
6285786569083
6285787934204
6285790333005
6285791344353
6285791990904
6285794502243
6285795646883
6285797052926
6285797090886
6285797812092
6285800636900
6285800864280
6285803026940
6285810383881
6285810678759
6285811921991
6285813336824
6285813504997
6285813989594
6285814303240
6285814411505
6285815703056
6285817443876
6285817795955
6285819457129
6285820030981
6285822030963
6285822602826
6285823138524
6285830423062
6285831059841
6285833705453
6285834118698
6285840169117
6285849227863
6285849314193
6285850572057
6285850608175
6285851318475
6285852910547
6285853612251
6285858141428
6285863821036
6285867252909
6285867913695
6285868523647
6285869226628
6285871611701
6285876193896
6285877662041
6285878779151
6285880203228
6285881873295
6285890391446
6285892145212
6285893914237
6285894000398
6285894073422
62859106985474
62859181247246
6285920091919
6285921578014
6285922827049
6285923741787
6285925553882
6285928975923
6285931494820
6285931910082
6285937090539
6285939776335
6285945716292
6285946232214
6285946689425
6285950314450
6285951161667
6285952731347
6285955102631
6285961450279
6285965864340
6285966140960
6285966614846
6285967072689
6285971817423
6285975165178
6285977590322
6287711301818
6287711917975
6287714048501
6287718960253
6287720012421
6287721739045
6287722428399
6287724190232
6287733005049
6287733783580
6287734561997
6287735018964
6287736586277
6287737488195
6287738376640
6287739811462
6287741620315
6287756265335
6287758920822
6287759342971
6287760587131
6287761679397
6287767800776
6287767861745
6287768043015
6287771227236
6287772039925
6287775681333
6287776194236
6287776366901
6287776480062
6287777557070
6287777639391
6287777642320
6287779401899
6287779828319
6287784096820
6287784720840
6287786299337
6287788770611
6287790375541
6287790681232
6287791753320
6287793605760
6287798652064
6287798960903
6287803346202
6287811136422
6287811720629
6287812360979
6287815424929
6287816065500
6287818087231
6287823212909
6287826816094
6287836926578
6287838899154
6287840018928
6287840627169
6287841887262
6287843202466
6287844774015
6287844792980
6287845277267
6287854126002
6287859080293
6287860530959
6287864016897
6287864223155
6287864668002
6287865910181
6287872800785
6287874894662
6287876061749
6287876612278
6287877133646
6287877165105
6287877656655
6287878676050
6287881302704
6287882413690
6287884326564
6287884967182
6287885723182
6287886076715
6287893227305
6287894331128
62881010091991
62881011511287
62881011722942
62881022218284
62881023186044
62881023736421
62881037428977
62881081923838
62881082080669
628811692171
628812131449
628814061318
628818116553
628818502442
62882001492789
62882003099376
62882003812476
62882005013707
62882005105116
62882005305357
62882006298273
62882006540998
62882010085660
62882016523256
62882020568373
6288210643822
6288211482690
6288212322038
6288212742148
6288216535203
6288218142487
6288221010546
6288222306379
6288224032779
6288226443520
6288232154376
6288234125540
6288238103258
6288242122048
6288245251268
6288271159230
6288272897340
6288287015675
6288289986976
6288291056691
6288291519978
6288293716225
6288706804650
6288708423528
6288742710281
62887437139181
6288747799937
6288807135433
6288808912762
6288809074037
6288901169533
6288902847394
6288902978685
628891412340
628892169699
628895880591
6288970643947
6288970794424
6288975496517
6288976206493
6288976978308
6288994268149
6288994439710
6289501051370
6289501967979
6289502408942
6289504293182
6289504551205
6289504552189
6289504809076
6289505674504
6289506854668
6289507127032
6289507358860
6289507560155
6289507866056
6289509883028
6289512263101
6289513947458
6289514225883
6289514799014
6289515591865
6289516201164
6289517075629
6289518408621
6289518961179
6289520038451
6289520145125
6289520443092
6289520992740
6289522330201
6289523136977
6289523305021
6289523773499
6289524928624
6289525521703
6289526661118
6289526933798
6289528109353
6289528348053
6289528813302
6289528916805
6289529274153
6289529332578
6289529366682
6289529538216
6289530054770
6289530453622
6289530718535
6289531752944
6289531904212
62895320315847
62895320665515
62895320967754
62895320988966
62895322101064
62895322641367
62895322826091
62895322922775
62895325255580
62895328457908
62895329328839
62895329338505
62895329378730
62895329849434
62895329888884
62895332126601
62895332641344
62895336801314
62895337014862
62895337455742
62895338649479
62895339248976
62895339328534
62895339566397
62895340684706
62895341710861
62895351013364
62895352752608
62895357912056
62895357984883
62895359834557
62895360538251
62895363184443
62895364671865
62895364867216
62895366019821
62895380000504
62895383050224
62895391066393
62895392962379
62895393870131
62895399899262
62895401502761
62895402693914
62895403230191
62895403894825
62895404749108
62895405002177
62895405555533
62895405609332
62895410654335
62895412779928
62895415430305
62895416664134
62895417784495
62895428288444
62895428377854
62895428552353
62895605306708
62895606147105
62895612030800
62895613027623
62895618608240
62895618674477
62895620516296
62895622654591
62895622657445
62895622657452
62895622660922
62895622660936
62895622661042
62895627535617
62895632270900
62895704160095
62895704382195
6289601744504
6289602286569
6289603214708
6289604409309
6289605255611
6289607368954
6289619776550
6289621170524
6289622443010
6289628522213
6289630019818
6289630322444
6289636938963
6289637666490
6289639059898
6289643390912
6289643575111
6289643746538
6289647002757
6289649263108
6289649863420
6289649876915
6289651819519
6289652402504
6289652626860
6289653953954
6289654289205
6289654345124
6289654608572
6289654735353
6289656344054
6289657610919
6289663455926
6289668878160
6289670900624
6289672032231
6289673902507
6289674681439
6289674799660
6289676953037
6289677175597
6289677579054
6289680664646
6289681854321
6289682381400
6289682602781
6289684426868
6289687900584
6289691439191
6289694149860
6289694556588
6289696125494
6289697101002
6289697180354
6289699013465
6289699254111
6289699437072
628971620005
628972295059
628972949500
628977110640
628978107163
628979815654
628980302573
628983757729
628984335004
628984664102
628984923574
628985978208
628987171200
628987262155
628989190966
628990663793
628990697836
628992866291
628993454030
628993996068
628995754988
628995942945
628997767710
628999110543
628999190851
628999471777
639077476798
639109582797
639610829474
639755511425
639924174064
639972601894
66825605298
66923212996
66963431565
821091580418
84359154105
84869113467
84949347858
8801581294830
8801745678857
8801916977565
886972423212
917736000512
917972011740
918483079209
919407210082
923007145408
923030350420
923030485609
923056559861
923094955910
923095298190
923120730021
923231351897
923237025100
923252234511
923304265434
923305639007
923360827176
923434204037
923487089606
923489488058
959882155764
