6285279884242
6285280614369
6285281595013
6285282400865
6285282898950
6285283075095
6285283864902
6285285516670
6285293958886
6285294830789
6285311785332
6285314271315
6285320184181
6285326766406
6285326787080
6285330216880
6285332482874
6285335541818
6285339070611
6285345902520
6285352733654
6285353101103
6285359865717
6285363302700
6285367080431
6285369622747
6285371735426
6285372277748
6285381049440
6285398461655
628551724501
6285520926395
6285546534372
6285559255485
6285601732267
6285602055072
6285602568324
6285604026383
6285606232755
6285607492894
6285608542562
6285608546866
6285608570878
6285609381357
628561944531
6285624843451
628562606785
6285640549846
6285640919273
6285641459256
6285643231827
6285646714901
6285647275010
6285648410564
6285649040321
6285654736925
6285657171549
6285664229011
6285664613603
628567919130
628568143403
62856912927084
6285692997951
6285694699522
6285695925313
6285697251172
6285700366547
6285700552198
6285700751996
6285701136330
62857012354020
6285701400746
6285701800840
6285702508170
6285703155204
6285703275372
6285704826177
6285706060697
6285706571568
6285706668351
6285707332130
6285708814390
6285709935486
6285710390803
6285710683141
6285711374598
6285713267469
6285713319981
6285713324094
6285714884441
6285715505698
6285716175771
6285716696761
6285716804073
6285717326309
6285717894953
6285718250588
6285718925846
6285719563507
6285719583537
6285721331216
6285721851400
6285722675879
6285723540943
6285723597571
6285724503650
6285724532893
6285726844787
6285727156541
6285727672901
6285728756656
6285729369929
6285733001332
6285735121692
6285738184940
6285740577399
6285742694598
6285748505586
6285752217503
6285753559710
6285754322592
6285754418212
6285754533024
6285755814980
6285757171949
6285758847093
6285759663335
6285762777587
6285763278835
6285766025257
6285766426902
6285766957505
6285770304307
6285771199265
6285771476682
6285771920102
6285772167931
6285772453844
6285772728466
6285773196405
6285773607562
6285774036360
6285774101923
6285774356742
6285778029999
6285778754922
6285778932619
6285779462118
6285781081322
6285782716094
6285783594587
6285784230722
6285784386395
6285786343723
6285786569083
6285787934204
6285790333005
6285791344353
6285791990904
6285794502243
6285795646883
6285797052926
6285797090886
6285797812092
6285800636900
6285800864280
6285803026940
6285810383881
6285810678759
6285811921991
6285813336824
6285813504997
6285813989594
6285814303240
6285814411505
6285815703056
6285817443876
6285817795955
6285819457129
6285820030981
6285822030963
6285822602826
6285823138524
6285830423062
6285831059841
6285833705453
6285834118698
6285840169117
6285849227863
6285849314193
6285850572057
6285850608175
6285851318475
6285852910547
6285853612251
6285858141428
6285863821036
6285867252909
6285867913695
6285868523647
6285869226628
6285871611701
6285876193896
6285877662041
6285878779151
6285880203228
6285881873295
6285890391446
6285892145212
6285893914237
6285894000398
6285894073422
62859106985474
62859181247246
6285920091919
6285921578014
6285922827049
6285923741787
6285925553882
6285928975923
6285931494820
6285931910082
6285937090539
6285939776335
6285945716292
6285946232214
6285946689425
6285950314450
6285951161667
6285952731347
6285955102631
6285961450279
6285965864340
6285966140960
6285966614846
6285967072689
6285971817423
6285975165178
6285977590322
6287711301818
6287711917975
6287714048501
6287718960253
6287720012421
6287721739045
6287722428399
6287724190232
6287733005049
6287733783580
6287734561997
6287735018964
6287736586277
6287737488195
6287738376640
6287739811462
6287741620315
6287756265335
6287758920822
6287759342971
6287760587131
6287761679397
6287767800776
6287767861745
6287768043015
6287771227236
6287772039925
6287775681333
6287776194236
6287776366901
6287776480062
6287777557070
6287777639391
6287777642320
6287779401899
6287779828319
6287784096820
6287784720840
6287786299337
6287788770611
6287790375541
6287790681232
6287791753320
6287793605760
6287798652064
6287798960903
6287803346202
6287811136422
6287811720629
6287812360979
6287815424929
6287816065500
6287818087231
6287823212909
6287826816094
6287836926578
6287838899154
6287840018928
6287840627169
6287841887262
6287843202466
6287844774015
6287844792980
6287845277267
6287854126002
6287859080293
6287860530959
6287864016897
6287864223155
6287864668002
6287865910181
6287872800785
6287874894662
6287876061749
6287876612278
6287877133646
6287877165105
6287877656655
6287878676050
6287881302704
6287882413690
6287884326564
6287884967182
6287885723182
6287886076715
6287893227305
6287894331128
62881010091991
62881011511287
62881011722942
62881022218284
62881023186044
62881023736421
62881037428977
62881081923838
62881082080669
628811692171
628812131449
628814061318
628818116553
628818502442
62882001492789
62882003099376
62882003812476
62882005013707
62882005105116
62882005305357
62882006298273
62882006540998
62882010085660
62882016523256
62882020568373
6288210643822
6288211482690
6288212322038
6288212742148
6288216535203
6288218142487
6288221010546
6288222306379
6288224032779
6288226443520
6288232154376
6288234125540
6288238103258
6288242122048
6288245251268
6288271159230
6288272897340
6288287015675
6288289986976
6288291056691
6288291519978
6288293716225
6288706804650
6288708423528
6288742710281
62887437139181
6288747799937
6288807135433
6288808912762
6288809074037
6288901169533
6288902847394
6288902978685
628891412340
628892169699
628895880591
6288970643947
6288970794424
6288975496517
6288976206493
6288976978308
6288994268149
6288994439710
6289501051370
6289501967979
6289502408942
6289504293182
6289504551205
6289504552189
6289504809076
6289505674504
6289506854668
6289507127032
6289507358860
6289507560155
6289507866056
6289509883028
6289512263101
6289513947458
6289514225883
6289514799014
6289515591865
6289516201164
6289517075629
6289518408621
6289518961179
6289520038451
6289520145125
6289520443092
6289520992740
6289522330201
6289523136977
6289523305021
6289523773499
6289524928624
6289525521703
6289526661118
6289526933798
6289528109353
6289528348053
6289528813302
6289528916805
6289529274153
6289529332578
6289529366682
6289529538216
6289530054770
6289530453622
6289530718535
6289531752944
6289531904212
62895320315847
62895320665515
62895320967754
62895320988966
62895322101064
62895322641367
62895322826091
62895322922775
62895325255580
62895328457908
62895329328839
62895329338505
62895329378730
62895329849434
62895329888884
62895332126601
62895332641344
62895336801314
62895337014862
62895337455742
62895338649479
62895339248976
62895339328534
62895339566397
62895340684706
62895341710861
62895351013364
62895352752608
62895357912056
62895357984883
62895359834557
62895360538251
62895363184443
62895364671865
62895364867216
62895366019821
62895380000504
62895383050224
62895391066393
62895392962379
62895393870131
62895399899262
62895401502761
62895402693914
62895403230191
62895403894825
62895404749108
62895405002177
62895405555533
62895405609332
62895410654335
62895412779928
62895415430305
62895416664134
62895417784495
62895428288444
62895428377854
62895428552353
62895605306708
62895606147105
62895612030800
62895613027623
62895618608240
62895618674477
62895620516296
62895622654591
62895622657445
62895622657452
62895622660922
62895622660936
62895622661042
62895627535617
62895632270900
62895704160095
62895704382195
6289601744504
6289602286569
6289603214708
6289604409309
6289605255611
6289607368954
6289619776550
6289621170524
6289622443010
6289628522213
6289630019818
6289630322444
6289636938963
6289637666490
6289639059898
6289643390912
6289643575111
6289643746538
6289647002757
6289649263108
6289649863420
6289649876915
6289651819519
6289652402504
6289652626860
6289653953954
6289654289205
6289654345124
6289654608572
6289654735353
6289656344054
6289657610919
6289663455926
6289668878160
6289670900624
6289672032231
6289673902507
6289674681439
6289674799660
6289676953037
6289677175597
6289677579054
6289680664646
6289681854321
6289682381400
6289682602781
6289684426868
6289687900584
6289691439191
6289694149860
6289694556588
6289696125494
6289697101002
6289697180354
6289699013465
6289699254111
6289699437072
628971620005
628972295059
628972949500
628977110640
628978107163
628979815654
628980302573
628983757729
628984335004
628984664102
628984923574
628985978208
628987171200
628987262155
628989190966
628990663793
628990697836
628992866291
628993454030
628993996068
628995754988
628995942945
628997767710
628999110543
628999190851
628999471777
639077476798
639109582797
639610829474
639755511425
639924174064
639972601894
66825605298
66923212996
66963431565
821091580418
84359154105
84869113467
84949347858
8801581294830
8801745678857
8801916977565
886972423212
917736000512
917972011740
918483079209
919407210082
923007145408
923030350420
923030485609
923056559861
923094955910
923095298190
923120730021
923231351897
923237025100
923252234511
923304265434
923305639007
923360827176
923434204037
923487089606
923489488058
959882155764
