12272068542
12365021517
12897436926
13154988012
14063253628
14314445560
15128433390
15139999946
212651341095
2349061319542
254740762791
254774032814
27618946121
420776511570
447402664757
447426125164
447446391952
447450371196
447455694214
447458202780
447462130020
447462221920
447477066213
447480273767
447862617284
447862617478
447878893199
601128718511
60129383549
60148841143
60169619351
60173734154
60176969956
60189121914
60199966312
628111610186
628115394888
628117445198
628119223458
6281211100083
6281213335343
6281214402453
628121473413
6281215843547
6281216362690
6281217937143
6281217970122
6281218249683
6281218260165
6281219109709
6281219110199
6281221068059
6281221841102
6281222227032
6281224718794
6281224760546
6281225415035
6281225897899
6281227029620
6281227511013
6281228447551
6281228461846
628122882978
6281229101534
6281229228211
6281230044149
6281233374824
6281233472440
6281234228779
6281234831604
6281234932830
6281235357960
6281240148026
6281242944116
6281244648434
6281244840245
6281246763708
6281249006694
6281249121629
6281252333649
6281253840248
6281254566514
6281255505572
6281259614070
6281259710544
6281260516361
6281260749772
6281263515698
6281264378756
6281266101334
6281267905243
6281268204711
6281268387363
6281274694522
6281275325983
6281278942359
6281280118057
6281281315757
6281282116835
6281282285047
6281283743311
6281283989199
6281284495990
6281285613395
6281285914891
6281286049091
6281286166528
6281286183682
6281287533096
6281289205909
6281290997909
6281291571335
6281292455447
6281292508213
6281293332262
6281293539735
6281293667200
6281294390734
6281296648532
6281298952017
6281310689988
6281313173491
6281314408027
6281315379437
6281316433900
6281317258866
6281317867812
6281319458871
6281320948089
6281321334446
6281322004004
6281324642483
6281327226087
6281327279075
6281327441039
6281327709295
6281329149662
6281330013308
6281330387261
6281330757939
628133103029
6281331945471
6281333595204
628133399638
6281334361732
6281334898054
6281336710869
6281347382226
6281348097758
6281349614686
6281354259922
6281355711671
6281357017780
6281357143713
6281357738246
6281358636141
6281358959349
6281359008190
6281359538282
6281359565010
6281363231979
6281363489750
6281364713880
6281367939465
6281369138633
6281370101295
6281378320650
6281379603303
6281380486807
6281382809441
6281384271319
6281384679359
6281386275650
6281387078932
6281387958764
6281388373836
6281389211059
6281389756699
6281390003927
6281392362575
6281395433363
6281397876644
6281398760927
6281399902577
6281414042207
6281456181837
6281469796030
6281511430543
6281514696035
6281515038752
6281522743774
6281523624624
6281524266702
6281525776984
6281525912410
6281527441069
6281532113060
6281541144621
6281542033441
6281546906513
6281558306604
6281558614498
6281563123044
6281572108856
6281572399882
6281572887866
6281574069061
6281586252549
628158822703
628159996936
6281617431760
6281617437946
628170030595
6281776377433
6281779029564
6281779670769
6281803961744
6281805544454
6281809003345
6281818213565
6281818470820
62818279290
6281905131697
6281907711124
6281910510560
6281910729121
6281914820718
6281915341400
6281917719965
6281932232181
6281934038237
6281939034927
6281939700062
6281944557137
6281946234148
6281946649555
6281952312289
6281958308969
6281958537275
6281973612917
6281977389411
6281990013134
6281991029210
6281993710968
6281996039473
6281997284331
6281999133006
6281999691137
6281999866136
6281999945663
6282110096704
6282111563537
6282113709610
6282115345151
6282117469247
6282117675202
6282117836284
6282117928693
6282118112680
6282118317154
6282119299186
6282119334354
6282120122443
6282121243552
6282121398228
6282121674294
6282121698169
6282121731382
6282122210378
6282122320697
6282122724527
6282123868481
6282124359181
6282124400268
6282125322941
6282125388500
6282126216570
6282128175190
6282128335374
6282131082870
6282131088084
6282132036060
6282132847958
6282134342909
6282137253768
6282138111529
6282138443913
6282139712373
6282141280640
6282141321411
6282143553119
6282146727409
6282154638038
6282154846586
6282154974789
6282155386640
6282157346388
6282158941056
6282160433009
6282161959193
6282163886828
628217156553
6282175569329
6282176494550
6282178284256
6282178699267
6282181757317
6282185496335
6282188534490
6282189372782
6282194221714
6282211185885
6282211231862
6282211562739
6282214146416
6282215151410
6282215709730
6282218265853
6282218935732
6282220841166
6282221361107
6282225368889
6282226692210
6282226797002
6282228044358
6282229008748
6282229375050
6282229723507
6282230593566
6282232222770
6282232590700
6282241857082
6282245805368
6282246247657
6282251542763
6282254730892
6282257100777
6282258380813
6282259151386
6282261209845
6282264050818
6282267679922
6282276463849
6282277916584
6282279668955
6282280500549
6282281215136
6282281781118
6282284565994
6282284608240
6282284720341
6282295632603
6282295723613
6282296747245
6282296771230
6282298109049
6282298514836
6282310735842
6282311296462
6282313409866
6282313787998
6282315527304
6282315666696
6282316200051
6282317433646
6282321562739
6282322799725
6282322993398
6282323422144
6282323650136
6282323796415
6282323900210
6282324215493
6282325766288
6282325942017
6282328013583
6282328466797
6282329253119
6282331422421
6282331664567
6282331669938
6282335023213
6282336056882
6282338165821
6282338772108
6282339955020
6282340820850
6282340955299
6282343927010
6282345568085
6282349140985
6282349409912
6282349514658
6282351844319
6282371991248
6282373375522
6282374899922
6282379520727
6282391172342
6283102229967
6283110928302
6283111591718
6283114459234
6283115578347
6283115970803
6283117634078
6283117734373
6283121287556
6283123727298
6283124589796
6283124913671
6283125965385
6283129578773
6283131605149
6283136120869
6283138926915
6283139837658
6283141751466
6283142190370
6283143014733
6283143553930
6283143633679
6283144003980
6283153170199
6283156444443
6283166088023
6283166286435
6283166659242
6283167714830
6283168861957
6283171113753
6283172102428
6283178781472
6283181032221
6283181853196
6283182316805
6283182766317
6283187187570
6283188140830
6283189570273
6283190168667
6283190265637
6283191183419
6283191853153
6283192314482
6283192595789
6283193489439
6283193502787
6283196530373
6283196530375
6283198636328
6283198920627
6283805089275
6283811698253
6283821663859
6283824171800
6283825184108
6283826526075
6283829238228
6283829250405
6283830287126
6283831678849
6283832492541
6283833451427
6283834974419
6283835368080
6283841515316
6283842560683
6283842560760
6283844145099
6283845359271
6283848927512
6283849657271
6283849778821
6283850350354
6283851946251
6283852091037
6283853289396
6283853527968
628385582628
6283856113431
6283866870234
6283870570200
6283870998000
6283872439861
6283874292841
6283875081679
6283875247702
6283877745701
6283878189800
6283879858802
6283890445147
6283894160469
6283894926918
6283894951696
6283895152817
6283898524997
6285104101025
6285111306794
6285111330591
6285111334345
6285111341980
6285111555661
6285117019144
6285117063531
6285117200546
6285117273132
6285117791919
6285119351214
6285121045060
6285121586037
6285122016889
6285122906332
6285123178406
6285123302308
6285123531686
6285123531689
6285124096661
6285124589047
6285126087418
6285129002394
6285129896917
6285133025120
6285133416426
6285134018526
6285134589451
6285136285194
6285136887304
6285138077778
6285138460177
6285138470180
6285139539985
6285141521269
6285142102719
6285142362084
6285142938870
6285143102411
6285143222850
6285147094251
6285147255832
6285147773717
6285148391621
6285155023237
6285155088506
6285155149123
6285155224046
6285155227816
6285155313119
6285155331563
6285155337015
6285155463775
6285156189414
6285156255964
6285156341318
6285156344782
6285156398490
6285156442912
6285156604120
6285156648326
6285156864066
6285156989707
6285157493866
6285158089660
6285158250766
6285161727720
6285162827171
6285163632919
6285165556465
6285165911143
6285167038008
6285167648652
6285168624799
6285168672224
6285169261180
6285169617426
6285169904442
6285171073187
6285171135696
6285171198762
6285171698376
6285172290815
6285172410532
6285173061545
6285173118500
6285173228141
6285173329868
6285173487322
6285174147225
6285174421685
6285175227282
6285175394029
6285175466654
6285175469749
6285176745639
6285176772770
6285176784833
6285177112001
6285177231827
6285178079088
6285178522201
6285179535835
6285179556321
6285179690650
6285181220412
6285181720053
6285182937350
6285183002769
6285183839997
6285184914367
6285187277836
6285187279201
6285188365809
6285189218038
6285189335911
6285189948507
6285191217164
6285191645753
6285194515297
6285196119544
6285196617959
6285198548040
6285199537062
6285199711089
6285208194646
6285210398664
6285210631038
6285210789322
6285211815225
6285212666602
6285213187640
6285217149886
6285231975267
6285234754939
6285236234634
6285256592034
6285261671979
6285267704372
6285270085923
6285273683279
