# Daftar nomor untuk auto-invite (satu nomor per baris)
# 1951 nomor unik. Baris diawali # diabaikan bot.
6287767861745
6281264378756
6288742710281
6282176494550
6283821663859
62882006298273
6282259151386
62895402693914
6285772167931
6289525521703
6283136120869
6281249006694
6281357143713
6288224032779
6285790333005
6285181220412
6281274694522
6289504809076
6289630322444
6289528813302
628111610186
62895351013364
6281944557137
6281329149662
2349061319542
6285868523647
6282181757317
923095298190
6281574069061
6285173118500
62882016523256
6281313173491
62881081923838
6285111341980
6285236234634
628987262155
6281347382226
6285187279201
6281334898054
62895364867216
6285326766406
6285728756656
6285704826177
6282218265853
6287884967182
6285951161667
6282267679922
6285819457129
6281617437946
6282245805368
6285723597571
6289672032231
62895322641367
6281387078932
6285196119544
628979815654
6285921578014
62895428552353
6289504552189
6282315666696
6285326787080
6283870998000
6285142362084
6283131605149
6287823212909
6289520038451
6283124913671
8801745678857
6289622443010
62895337014862
6283142190370
6281805544454
6285811921991
6289531752944
6285757171949
62881037428977
6281233374824
628999471777
628567919130
6285134589451
6285199711089
6281990013134
6287859080293
6281317867812
254740762791
6289507127032
6285754533024
6285210631038
6285697251172
628972949500
6287845277267
6283874292841
6281225415035
923030485609
923487089606
6283829238228
6285773196405
6285169617426
6289637666490
62895329888884
6281286049091
6281382809441
6285721851400
6282122724527
6283853289396
6282215151410
6285771476682
6281240148026
6288271159230
6287720012421
6283187187570
6285695925313
6285791344353
6289501967979
6285123178406
6282325766288
6283875247702
6281349614686
6283181032221
6285559255485
6285772728466
886972423212
6285752217503
6289696125494
6285161727720
6281456181837
6285147094251
6285869226628
6288291056691
6289699013465
62881022218284
6285701136330
6285813336824
6281572108856
6288287015675
62895360538251
6282316200051
6283193502787
6281993710968
6285604026383
62895622661042
6281280118057
6281310689988
6289514225883
628891412340
6285188365809
6282264050818
6282349140985
62818279290
6283878189800
6285707332130
6288289986976
923489488058
62895329338505
923094955910
6285717326309
6285703155204
6285700751996
6289654608572
6285165911143
62881010091991
62895322922775
6285849314193
6282296771230
6285601732267
6281330387261
6285797090886
6285123531689
6285165556465
6285955102631
6285138077778
6285778029999
6282119299186
923007145408
6283143553930
6285654736925
6289517075629
6288807135433
6285701400746
6289657610919
66825605298
6285147255832
6285711374598
6282371991248
62895320665515
6288210643822
6285791990904
6281803961744
6285727672901
6283890445147
6282317433646
212651341095
6282295632603
6285176784833
6287864016897
6283193489439
6283856113431
62895622654591
628568143403
6289697180354
6289601744504
6285143222850
6288226443520
6285138470180
447426125164
628978107163
6285139539985
6289639059898
6283842560683
6283166088023
6281316433900
6287865910181
6285892145212
628562606785
6283851946251
6287803346202
6285123531686
6285880203228
6285189948507
639610829474
6288994439710
6285640919273
62882005105116
6285189218038
6282298109049
639077476798
628985978208
6285217149886
6289506854668
6281384679359
6289681854321
6281511430543
6281958308969
6285183839997
6281398760927
6287711917975
6287714048501
62895622660922
6285353101103
62895622657445
27618946121
6283190265637
6281572399882
917972011740
6282175569329
6282298514836
6283879858802
62895622657452
6281558614498
6283826526075
6285133416426
62895391066393
6283825184108
62895622660936
6289509883028
6285713267469
6282345568085
6285167648652
6285950314450
6282349514658
6281246763708
6281234831604
6281934038237
6285766957505
6283845359271
6283121287556
6281541144621
6285783594587
6285398461655
6285766426902
62881023736421
6281292455447
6285766025257
6281235357960
6285966614846
62895339248976
6285742694598
6285713319981
6287771227236
6282374899922
6282117675202
6281275325983
6285270085923
62882003812476
62895336801314
6287878676050
6285817443876
6285119351214
6289682381400
6285624843451
6281254566514
62882006540998
62882020568373
6285156442912
628119223458
6282111563537
6289691439191
6288975496517
6282295723613
62857012354020
62882001492789
6288232154376
6282313409866
6289674681439
6282211562739
6287777557070
628814061318
6287736586277
6282329253119
6289647002757
6287775681333
6285171198762
6282391172342
6285210789322
6289697101002
6281370101295
6282232590700
628812131449
6285894000398
6287739811462
6289621170524
6289643575111
6281363231979
6281315379437
6282113709610
6285778754922
6281268204711
821091580418
6289504551205
6283123727298
6285171698376
6282143553119
62859181247246
628984664102
62859106985474
6287798652064
62895322826091
6281327709295
6288808912762
6281527441069
62895332126601
6282125388500
6281283989199
6287877656655
6282117836284
6285172290815
6287738376640
6289694556588
6281289205909
6285773607562
84359154105
62895605306708
62882005305357
6281293332262
6289663455926
6281260749772
62895410654335
6285724532893
6285867252909
6281217970122
6287860530959
6282331422421
6282328013583
6289507358860
6285283864902
6285774036360
6285797812092
6285700366547
6285648410564
6281336710869
6283866870234
6289668878160
6282215709730
6289603214708
6285975165178
6287761679397
15128433390
6289507560155
6288272897340
6281268387363
6285174421685
6285700552198
6285817795955
6285156255964
6281359008190
6281224760546
6282281215136
6285332482874
6281334361732
6285175466654
6282279668955
8801916977565
6281267905243
6285646714901
6282310735842
6288234125540
6282158941056
6281282116835
6282324215493
6285729369929
923360827176
6285703275372
6283875081679
6288902978685
628892169699
919407210082
6281399902577
62895364671865
6282230593566
6283188140830
6289507866056
6281327279075
6283115970803
6289680664646
6281296648532
6288245251268
6289684426868
6289676953037
6282280500549
6281357017780
6282339955020
6289516201164
6285727156541
6281397876644
6285759663335
6281291571335
6285952731347
6287779401899
6285822030963
6283824171800
6281414042207
6285174147225
6282340955299
6281281315757
6285770304307
62895357912056
6288216535203
6285369622747
6288901169533
628989190966
62895383050224
6281388373836
6285814411505
6281278942359
6289649863420
6282118112680
6289656344054
6285782716094
6285155463775
6289602286569
6282119334354
6285282400865
6283895152817
923056559861
6285273683279
6289649263108
62882003099376
6285283075095
6288747799937
6282276463849
6289604409309
6281572887866
6285784386395
6283115578347
6285330216880
6285797052926
6281229228211
6288293716225
6282336056882
6282218935732
6281392362575
6285177112001
62882010085660
62895613027623
6285708814390
6285280614369
6285136285194
6285173228141
6285606232755
6285923741787
6287843202466
6285853612251
6285294830789
6289523773499
6283832492541
628995754988
6285878779151
6285716804073
6282117928693
6285281595013
6283870570200
6285758847093
6283141751466
6285977590322
6287881302704
6285122906332
6282211231862
6285966140960
6285143102411
6282154974789
6285141521269
6285723540943
6285928975923
6289643390912
6285701800840
6283171113753
923030350420
6288970794424
6285133025120
6289529538216
6283117634078
6281221841102
62895329378730
62895428377854
6289524928624
6281932232181
62895404749108
6289699437072
6285608546866
6283848927512
6282338772108
6281219109709
6282185496335
6281242944116
6285183002769
6287724190232
6283167714830
6287844792980
6285893914237
6282189372782
6285261671979
6283872439861
628984923574
6283898524997
6281219110199
6287733783580
6282257100777
62895320967754
6285156604120
6281293667200
6281952312289
6289652402504
6285876193896
6283196530375
62895704160095
628993996068
6289651819519
923305639007
6289520443092
628115394888
6282323900210
62895612030800
6285129896917
628995942945
6287790375541
6287885723182
6281999133006
6285763278835
6285778932619
6281915341400
62895416664134
6282246247657
6282154846586
6285945716292
6282134342909
6285762777587
6289522330201
6282126216570
6285256592034
6281255505572
6281259710544
12897436926
6287777639391
6283153170199
62895405555533
6285849227863
62895320988966
628997767710
6281525912410
6287872800785
6288222306379
6281354259922
628983757729
6281244648434
6281379603303
6285850608175
6285961450279
6285117791919
62895359834557
6287840627169
6281378320650
6287777642320
15139999946
6281469796030
628561944531
6282155386640
6285692997951
6283894926918
6281294390734
62895627535617
6281282285047
6283190168667
447455694214
6288970643947
6289654345124
6288902847394
6281999945663
6287776194236
6285178522201
6287768043015
6283143633679
628117445198
6285173329868
6285810678759
6281818213565
6285710683141
6283844145099
6281358636141
6282323796415
6288212322038
6285176745639
6285608542562
6283894160469
6285771199265
6285352733654
6285179556321
6285111555661
6281216362690
6285710390803
6288976206493
6283850350354
6285335541818
6282115345151
6285156648326
628999110543
6282379520727
6287798960903
6285191645753
6285211815225
6281939034927
6288242122048
6289529332578
62881023186044
6281285613395
6281357738246
6285894073422
6282325942017
6285946232214
6281367939465
6282335023213
6288218142487
6289502408942
6282229008748
628987171200
6288238103258
6281779029564
6285850572057
6282110096704
84869113467
6287840018928
6282323422144
6285122016889
6282124400268
6281314408027
6287811720629
62895399899262
6281233472440
6285709935486
62895415430305
6283192314482
62895332641344
62895340684706
6285155337015
6289628522213
6282123868481
628122882978
6285267704372
6281389211059
6285831059841
6282138443913
6285721331216
6282221361107
6285753559710
6285367080431
628133399638
6281324642483
6289518961179
6285142938870
6285719583537
6287758920822
628551724501
6283129578773
6281327441039
6283124589796
6288706804650
6282124359181
6287718960253
6282141321411
62895363184443
6285706060697
6285815703056
628992866291
6282284565994
923237025100
6285155023237
6281369138633
6285311785332
62895328457908
6285840169117
6281973612917
6287877133646
628217156553
62895341710861
6285172410532
6281910729121
6281285914891
6285156864066
6287790681232
62895392962379
6285182937350
6282323650136
6288212742148
6281286183682
6285104101025
6285176772770
62895405609332
60189121914
6281563123044
6285177231827
6289687900584
6285156398490
62895366019821
6283182766317
923304265434
6285871611701
62895352752608
6281348097758
6281320948089
6285640549846
6285641459256
6281211100083
6285175394029
6281515038752
6283172102428
6283110928302
6282128175190
6285121045060
6288291519978
6283156444443
6285890391446
6285320184181
6281917719965
6282232222770
6283834974419
6285609381357
6281514696035
6285702508170
6281225897899
6289513947458
8801581294830
6285173061545
6285602055072
6285922827049
6282161959193
6285858141428
6282163886828
6289619776550
6281996039473
6282281781118
6285184914367
6285148391621
6283196530373
6285363302700
6287864668002
6281249121629
6281523624624
6285748505586
6289530453622
6285877662041
6285784230722
6285157493866
6282121731382
6289529274153
6282157346388
6285155088506
6281395433363
6285822602826
62895325255580
6285740577399
6287838899154
6281292508213
6285213187640
6282328466797
6281230044149
6288221010546
6281228461846
6289512263101
6282322799725
6285643231827
60169619351
254774032814
6281286166528
6282373375522
6282258380813
6287734561997
923231351897
447462130020
6281222227032
6287784096820
447458202780
6287826816094
447862617478
6282331664567
6285772453844
6287733005049
6285881873295
628170030595
6283181853196
6283831678849
6285208194646
6281558306604
6289528109353
6285520926395
6283189570273
6289515591865
6283144003980
447402664757
62881011511287
6285293958886
62895704382195
6285282898950
6282343927010
6281776377433
6282261209845
6283849657271
6281522743774
6285124096661
6285755814980
447450371196
447446391952
6285155149123
6285173317723
6289673902507
6285965864340
6285719563507
6283198636328
628990697836
12272068542
6281524266702
628971620005
6287877165105
62895618608240
628993454030
628159996936
447480273767
447878893199
6289530054770
6282138111529
6281224718794
447477066213
62881011722942
6285820030981
6285786569083
6285971817423
6281380486807
447862617284
6285664229011
6282225368889
6285714884441
14063253628
6283853527968
6285123302308
6281227511013
6285175469749
6282254730892
6289526661118
6285715505698
6285158089660
6287841887262
62895320315847
6287779828319
6287760587131
6281586252549
6285372277748
13154988012
6282228044358
6281386275650
6285314271315
6287759342971
6285813989594
6283166659242
6285381049440
6282122210378
6289649876915
6285967072689
6289523136977
6281319458871
62882005013707
6289694149860
6283114459234
66963431565
628990663793
6281779670769
6287735018964
6281355711671
6289677579054
6285147773717
6282121243552
6285716175771
6281287533096
6281331945471
62895393870131
6285359865717
6285754322592
6281617431760
6285234754939
6287816065500
62895329849434
6285117273132
6283841515316
6283852091037
6281939700062
6285156341318
6285608570878
6282229375050
62895339328534
918483079209
6285210398664
628980302573
6283829250405
6289605255611
6285931910082
6289607368954
6285111334345
6289531904212
6283849778821
6285178079088
6283178781472
6289643746538
6282277916584
6282226692210
6285786343723
6282146727409
6282117469247
6287788770611
6285136887304
6281907711124
62895338649479
6281217937143
6289653953954
6285706668351
6282121398228
6287811136422
6285787934204
6289505674504
6282229723507
6285155224046
14314445560
601128718511
6285867913695
6287793605760
6283139837658
6289518408621
6289652626860
6283138926915
6285649040321
6283102229967
628385582628
6287776480062
6281290997909
6281234228779
6281532113060
6281253840248
6285833705453
6282141280640
6281991029210
6285196617959
6285718250588
6285155313119
6281259614070
6285931494820
62895403894825
62895405002177
6283842560760
6283830287126
6285814303240
62887437139181
62895337455742
6283833451427
6285111330591
6282338165821
628811692171
628158822703
60199966312
6285134018526
6287876612278
6283877745701
639755511425
6281321334446
6281214402453
6281322004004
6281229101534
6282322993398
6281228447551
6285117200546
628818116553
6281293539735
6282211185885
6281363489750
6288809074037
6283805089275
6281330757939
6282132036060
628972295059
6285167038008
6283182316805
6285194515297
6282331669938
6282154638038
6285175227282
6282178284256
6285830423062
6285169904442
6285169261180
6283198920627
62895412779928
6285158250766
628895880591
6285231975267
6288708423528
6285138460177
6289523305021
6282132847958
62895380000504
6281809003345
6282321562739
6281283743311
6285738184940
6285189335911
6285546534372
6287767800776
6285810383881
6285664613603
6285155331563
959882155764
6285163632919
6287786299337
6285199537062
62895606147105
6285937090539
6285657171549
6285795646883
923120730021
6281946649555
62895339566397
628121473413
6289530718535
6289654289205
6285823138524
62895417784495
6285155227816
6289699254111
6285126087418
6285716696761
84949347858
6281997284331
6281914820718
6289528348053
6287812360979
6285602568324
6285339070611
6283894951696
6287884326564
6285156344782
628818502442
6287844774015
6283192595789
6285117063531
6289654735353
6289528916805
6282188534490
6281384271319
6283166286435
628999190851
6285724503650
12365021517
6282125322941
6289677175597
6287894331128
6281330013308
6287893227305
6282128335374
6281358959349
6281234932830
6285851318475
6281221068059
62895357984883
6285173487322
6285156189414
6287854126002
6285142102719
628977110640
6285156989707
6285117019144
6282121698169
6288976978308
6285181720053
923434204037
6285852910547
6282122320697
6281946234148
6281298952017
6289526933798
6283191853153
6287791753320
6283125965385
6281244840245
6281525776984
6287772039925
6282160433009
6282340820850
6282284720341
6281546906513
6287886076715
6287882413690
6282349409912
6288211482690
6285191217164
6281227029620
6289520992740
6285774101923
6285285516670
6289682602781
6285371735426
6282226797002
6281333595204
6285647275010
6285834118698
6281263515698
6281317258866
6287737488195
6281284495990
628984335004
6285187277836
6287722428399
6289501051370
6282121674294
6281390003927
6282351844319
6289504293182
6281215843547
62895620516296
6285607492894
6282194221714
6282315527304
6287836926578
6287818087231
628133103029
6282139712373
6285946689425
6282137253768
6282131088084
6285179535835
6281364713880
6285774356742
6282313787998
6285162827171
639972601894
6285794502243
62895618674477
6285722675879
6281999866136
6281910510560
6287874894662
62895403230191
6287711301818
62895329328839
6285179690650
6285735121692
6285111306794
6285718925846
66923212996
6287776366901
60148841143
447462221920
6282311296462
6281977389411
6283117734373
62895401502761
62895632270900
60176969956
917736000512
6285198548040
6281266101334
60129383549
6282220841166
6285279884242
6285863821036
6285925553882
6289630019818
6285129002394
639109582797
6287876061749
62895428288444
6289636938963
6285121586037
6285124589047
6289520145125
6281359565010
6287756265335
6281818470820
6285726844787
420776511570
6282251542763
6285813504997
6285754418212
6285212666602
6282131082870
6283835368080
6282296747245
6281218249683
6281905131697
6287721739045
6289670900624
6285803026940
6285168624799
6285800864280
6285939776335
6283811698253
6285717894953
6281260516361
6285694699522
6289674799660
639924174064
6287784720840
6285706571568
6281542033441
6281389756699
60173734154
6285171073187
6288994268149
923252234511
6281213335343
6281958537275
6289529366682
62881082080669
6283111591718
6285713324094
6285168672224
62856912927084
6287741620315
6289514799014
6281359538282
6283168861957
6285345902520
6282284608240
6281327226087
62895322101064
6285800636900
6285733001332
6282214146416
6282120122443
6285781081322
6282241857082
6281387958764
6282178699267
6287815424929
6283191183419
6281252333649
6285771920102
6281999691137
6287864223155
6285171135696
6281218260165
6285779462118
6285920091919
6283143014733
6282118317154
557193889993
923081382186
6281556846683
905374845106
6285761960295
66957273624
2349063239510
6285362673329
628118136767
6285155348627
6281299795380
201120984888
918218857166
6285156213028
6282273387474
6283893242384
212691789349
918885550424
2347025695998
254758012336
923378279320
84971046072
8801765577840
256703329526
18097801491
923449881277
2348069487257
254722694226
8801823271254
916287357949
639264220010
254791268428
254768259287
6283129011845
6285258658946
917200959833
919341737876
639104103952
2347038818106
94758292949
254758682548
6289508450021
256778015783
94777955100
919060304282
916300590934
6285650819399
6282130993137
255637663301
639295116778
6289512599997
62881010121746
254743152062
256786359868
256779779518
94767298319
918309133866
9779843012489
8801776823853
447482247001
917879009556
919944634792
919026694384
8801785218558
6285959183129
919305481734
918980650654
84968668708
6285878818264
998919088349
639758552693
254793968817
12192648807
2348115173040
917377203408
2348039248751
916291469485
255693086157
6591367983
6283138501323
2347049794585
923230354325
6289510063341
254734557844
8801721241532
919616110962
6281224369534
256763383700
919569786514
6283177296664
84944159699
254742045342
8801789663804
6289506046636
256775299853
917657999776
8801767601365
255773225867
916395153117
2347037320620
919913566881
6289639282329
254702959308
212698037596
8801302481203
51981158062
639604535017
254725061522
254799375204
94764380668
919515379171
917091959461
84834111893
6283852800394
254700438213
919049275529
6285351030011
94704845866
256763456056
919376316555
254768415017
94716164908
918209433994
917705847443
84386183394
919693964183
558197930325
556996074951
919244854870
918374605910
6283873931668
916005385824
8801785091831
917672843154
254727089054
2348104483903
639274303406
94710990121
8801731393574
6281324391788
916399003373
923308398023
16398160777
254740745156
84968337043
5512991893431
201095475894
62895329588263
66959505150
2347032946632
639309177064
6285885221135
254725689121
639708298712
249993627311
254757309634
2348185168783
254796023050
919974783839
94785430449
254757931573
2348031133505
40762718216
6288972553823
917989840790
918935888218
918180861312
8801645170325
93770003093
2348067337316
254712327330
6281376487796
6283120440087
256707237708
254741587546
2349038010542
573184552412
639940533298
919570499312
6282251112872
254113067553
8801638565586
201002906516
6289678986700
6285157703689
6281332740123
6285182006652
8801687615994
6281350245291
584123697134
6287767018596
17272795683
94703962296
917737299890
94766068778
918112214191
256705926377
213549424264
8801601046953
917409893680
254793830122
8801798994381
84862268660
94703027397
8801761732738
254758010321
2347042957652
254101227407
905418123022
6282165765060
94702380973
213779593232
2348038445969
2348101785112
8801706718411
256751733878
8801784815360
8801891683428
6285624339970
254719343628
94754026373
231772002321
254743248660
6285659838072
923186130179
923260207232
8801313580634
923419799480
66998235785
94784294976
2349034733826
971526766998
2347046638836
254738792391
923133095203
923283816162
923261180231
639758937885
923419159132
5521975640819
94764640263
15752609113
8801703611637
919101099027
2347044397709
2347066659118
923296916641
923412488073
923558333788
919537541298
94765606171
919907136876
923259640032
923243423770
919831441021
923058307849
923197473975
2348169080182
212620689279
923001027191
8618381798933
923041597054
2348121682625
212629621124
2349128980234
447840217390
84395603577
923417245280
6281347728325
8801735967856
923304002133
6281249563400
447444582865
923280780231
94766913106
2348125888091
254717059997
923121938985
923136701429
918847438233
917860884024
254792160507
923080354865
923053273398
923062678544
923474514281
559488072087
923087765701
94712677523
923489322598
639307393643
8801303537993
923483503825
923456002530
923019749906
923066551233
923184462982
94758115634
8801799640819
639197998469
94703274100
923182898036
923025214239
212706724785
923481236898
639532982821
254712360516
923172590789
94726469718
918274810901
254792757603
918318217133
8801881055096
62895336282730
923215514665
639482939477
923361313537
918145200691
923225356556
923320334693
923043421857
94765584814
966539197426
923468855969
584146920881
5521986630447
639629052658
923065470640
84982685408
8801765238727
201159261783
628985779832
923120272153
2348104784349
923478834509
923406340327
558796261312
201128386226
923286506006
2348146465002
923303428420
94771436257
8801913373782
2347026441106
923127436070
584248101587
923196263450
923032392050
8801751220468
26777016215
923287242870
923476980684
8801753601826
201015480714
6285883339867
923095023232
212630041004
201028247648
212781312662
639231138785
923349494775
923403128485
923003921995
8801904019694
917496091050
201151470319
16046748900
923101110030
923092302614
923499846040
6285236414096
37258560583
923155935018
919695698405
918076157169
212693374071
254714030475
923447800734
923138280985
923421662379
923003520782
923450510315
923483310045
917978013872
923051022133
8801911719720
254712425392
923245320290
2349048870040
923330631122
62895620549710
8801321961197
639231989862
923186201703
918866455632
923166694037
2348134056789
8801758676449
923200273879
254112321063
254111876624
8801631592639
919812593135
8801940020063
8801304517347
8801784605989
918584074467
923366162266
254707042271
972594100834
923248493690
8801636504884
923497257909
254796711965
254792775791
919441579397
79645985017
17075100034
6289671145070
2349037357320
254741111613
8801885367572
17722571987
923112673809
8801866911581
923163212814
8801905492133
2348036557978
923494219942
918171120518
923044226854
8801677106660
8801985462414
60175710775
256786755836
923047757995
923221675356
8801879753184
8801619229035
919643912331
923006892713
8801609592017
923184904542
923038048533
2347034958501
8801879224143
2349061210651
2348022778993
8801405365024
923085833290
923430066913
923017531717
8801953619001
8801735125853
8801919672464
2348140994325
8801834711152
923166881865
919057176487
919002967771
923174220350
923040695722
8801632845258
918792387441
2348060607006
254718758504
23799575103
8801977232615
8801793477744
923254475775
918865003520
254748588338
966595421930
6288902945080
243978265575
8801948476799
8801777380758
8801332343873
254708095545
254700217179
447538191399
254114836757
8801870802383
212619743459
8801634382758
8801818554144
8801722264956
256740310423
923037216797
96872010610
8801615918164
8801775221059
919682339305
254790117932
8801571240454
254757957660
447449698752
254742735709
919559632884
8801623415388
8801797896504
971544936275
97477697953
8801772738874
15709629508
966538679399
254769956303
254794535000
2348128063013
919672571901
966545033720
2347063514395
254769497899
22967308668
918870502428
254795610200
918907708888
966532318533
923339760895
966592043853
8801798450343
923159837679
8801725780939
8801822482248
8801817888713
923415947109
201069925773
93775446144
8801632587367
254758333757
8801303873825
923477838120
919597058806
254797578816
447868811289
8801912181819
4915231385794
201273804833
6287722525826
966543087527
639936569798
254717556338
6285703493895
8801765702151
254110068233
51969653103
254794010164
2348063003759
966595368457
923343108479
923458513555
254707799725
918983459490
2349065951646
967773030249
254725368487
923342446450
254798411038
254742033363
254716337022
2348145800221
8801790731398
254707126370
916360778704
923007904625
8801933935893
254101880133
254115059718
254710893196
8801763449594
94789616683
6283148278021
254759629059
8801810390956
2348160656149
256786209659
639948532838
254705253192
96872521757
6282127382896
254702822531
998933125244
923324624388
8801690262557
919723452134
917583956301
8801745507340
94786641461
243992292032
8801329172177
8801615460736
8801844772750
923077066031
923061468244
966564767437
2348146976663
923051022833
923424644142
923182256165
8801701010324
6596132321
27684093593
8801648842875
254792786299
966501225462
923281198310
923045115329
94770500688
8801915233272
2348162734990
966570977412
8801821106317
2348039425203
256701963567
966510182808
254742470597
254720311893
254117790856
8801716413088
94769631098
254746249064
94740507296
8801779544365
2348103151433
254707675355
923212561613
639090618556
918962869321
94763552561
2349127802808
639919744169
254742857924
639368431265
639609042176
8801877655825
2347039525961
639510135420
923488865430
923130139270
60165549790
639816716865
15805044019
254717489289
923127135172
254759616902
254111369814
94766172967
8801613409537
8801751595662
254740748387
2348036939214
254727899589
5492645537331
6282351585502
2349094960667
923099347570
918143175661
917568806176
923481698795
8801883097586
923133634708
254790410642
254739228298
923482960355
584125666343
918107213204
8801315262894
970592383584
923423337776
917627076505
584246587376
256741568163
923041061165
